9
0.04539 0.26799 0.50407 0.57338 0.67713 0.75012 0.80454 0.77271 0.84211
0.24400 0.38529 0.16275 0.50496 0.26437 0.61365 0.49875 0.76841 0.77318
0.43223 0.25100 0.38244 0.26706 0.30851 0.34140 0.71504 0.41795 0.82343
0.42280 0.37009 0.18934 0.38194 0.18798 0.53743 0.32349 0.62832 0.66907
0.55106 0.25044 0.32784 0.30497 0.62480 0.33141 0.27411 0.22846 0.60897
0.63511 0.64966 0.36982 0.56880 0.37036 0.39616 0.17749 0.42290 0.44449
0.65823 0.43225 0.77791 0.28508 0.36730 0.14337 0.32415 0.11942 0.33007
0.81473 0.78863 0.43926 0.53849 0.30029 0.37747 0.19418 0.30938 0.23523
1.00000 0.76865 0.63336 0.52107 0.47632 0.45222 0.39809 0.25005 0.00000
