9
0.00000 0.21937 0.37038 0.61663 0.81753 0.68730 0.69210 0.78798 0.78648
0.07447 0.18341 0.18390 0.61934 0.52194 0.75684 0.64198 0.81604 0.92289
0.11171 0.21166 0.52842 0.29279 0.45442 0.58259 0.82316 0.68136 1.00000
0.23296 0.39634 0.31781 0.53529 0.32060 0.58475 0.43671 0.81526 0.93686
0.30096 0.37015 0.44497 0.44838 0.58290 0.48585 0.60331 0.53375 0.82055
0.44515 0.53704 0.40714 0.57446 0.30324 0.45663 0.32766 0.74066 0.80435
0.67828 0.45162 0.68641 0.42940 0.38065 0.30963 0.61752 0.51868 0.64191
0.82154 0.72790 0.56303 0.49751 0.30851 0.38118 0.33118 0.66161 0.67293
0.86154 0.80768 0.63845 0.54601 0.33204 0.35195 0.56593 0.49561 0.54378
